55.6217
167.8753
27.9483
10.4862
7.4965
2.5793
3.2891
2.2640
1.5377
1.5596
1.3784
1.0264
0.9286
0.9500
0.9469
0.8381
0.8084
0.8331
0.7651
0.7335
0.7427
0.7064
0.7218
0.7136
0.7111
0.7247
0.6898
0.6861
0.6837
0.6878
0.6859
0.6761
0.6722
0.6709
0.6702
0.6640
0.6706
0.6697
0.6672
0.6662
0.6640
0.6599
0.6646
0.6628
0.6630
0.6632
0.6591
0.6566
0.6625
0.6580
0.6517
0.6520
0.6499
0.6527
0.6477
0.6513
0.6452
0.6497
0.6481
0.6420
0.6471
0.6534
0.6418
0.6378
0.6452
0.6486
0.6597
0.6438
0.6353
0.6357
0.6343
0.6331
0.6469
0.6428
0.6307
0.6334
0.6360
0.6388
0.6307
0.6259
0.6325
0.6330
0.6369
0.6308
0.6278
0.6310
0.6429
0.6223
0.6232
0.6256
0.6168
0.6186
0.6237
0.6222
0.6243
0.6218
0.6185
0.6105
0.6076
0.6129
0.6021
0.6039
0.6239
0.6251
0.6139
0.6181
0.6104
0.6038
0.6023
0.6116
0.5951
0.6119
0.5963
0.6001
0.5911
0.6025
0.5996
0.6064
0.5932
0.6038
0.6065
0.6083
0.6069
0.6009
0.6125
0.5792
0.6063
0.5802
0.5894
0.5989
0.5771
0.5738
0.5874
0.5911
0.5741
0.5648
0.5831
0.5715
0.5808
0.5646
0.5670
0.5799
0.5784
0.5686
0.5718
0.5808
0.5735
0.5648
0.5692
0.5756
0.5630
0.5660
0.5715
0.5584
0.5841
0.5695
0.5604
0.5846
0.5577
0.5638
0.5603
0.5670
0.5595
0.5436
0.5674
0.5515
0.5513
0.5777
0.5573
0.5368
0.5422
0.5573
0.5309
0.5399
0.5502
0.5521
0.5513
0.5377
0.5418
0.5347
0.5402
0.5501
0.5387
0.5422
0.5102
0.5373
0.5332
0.5157
0.5273
0.5175
0.5006
0.5069
0.5306
0.5013
0.5048
0.5036
0.5098
0.5284
0.5211
0.5074
0.5078
0.5098
0.5049
0.4917
0.4765
0.4888
0.5284
0.4964
0.5025
0.4930
0.5272
0.4983
0.4708
0.4993
0.5050
0.4923
0.4876
0.4952
0.4965
0.5004
0.5066
0.4938
0.4636
0.4715
0.4560
0.4598
0.4823
0.4587
0.4927
0.4737
0.4728
0.4842
0.4878
0.4570
0.5057
0.4794
0.4558
0.4684
0.4480
0.4486
0.4539
0.4533
0.4357
0.4173
0.4549
0.4366
0.4419
0.4451
0.4431
0.4189
0.4279
0.4291
0.4363
0.4341
0.4163
0.4206
0.4115
0.4284
0.4137
0.4273
0.3940
0.4130
0.4216
0.4144
0.4072
0.4302
0.4378
0.4136
0.4212
0.3974
0.4001
0.3821
0.3938
0.4067
0.3865
0.4558
0.4022
0.4061
0.3861
0.4278
0.3987
0.3864
0.5263
0.4013
0.4690
0.4346
0.4231
0.4029
0.4323
0.4671
0.3808
0.3832
0.4290
0.4384
0.4012
0.3855
0.4014
0.3764
0.3758
0.3987
0.3814
0.3703
0.3371
0.3650
0.4091
0.3355
0.3449
0.3639
0.3206
0.3765
0.3485
0.3389
0.3577
0.4089
0.3516
0.3372
0.3654
0.3555
0.3445
0.3629
0.3269
0.3472
0.3729
0.3588
0.3054
0.3475
0.4177
0.3428
0.3372
0.3193
0.3275
0.3390
0.3315
0.3393
0.3061
0.4168
0.3699
0.3182
0.3228
0.2962
0.3261
0.2916
0.3238
0.3075
0.3223
0.2817
0.2971
0.2855
0.2620
0.2773
0.3231
0.2993
0.2577
0.3460
0.3152
0.2508
0.2624
0.2597
0.2373
0.2720
0.2875
0.2328
0.2618
0.3530
0.2820
0.2514
0.3006
0.3055
0.3126
0.2438
0.2698
0.2681
0.3118
0.2518
0.3504
0.2245
0.2502
0.2996
0.2411
0.2752
0.2175
0.2384
0.2281
0.2548
0.2359
0.2412
0.2251
0.2501
0.2604
0.2368
0.3010
0.2435
0.2507
0.2814
0.2662
0.3223
0.2260
0.2249
0.2560
0.2895
0.2164
0.2718
0.3235
0.2718
0.2740
0.3207
0.2493
0.2600
0.2337
0.3255
0.2140
0.2193
0.2856
0.1968
0.2116
0.2511
0.2605
0.2969
0.2880
0.2023
0.2528
0.2165
0.2012
0.2432
0.2427
0.3266
0.2189
0.2521
0.2753
0.2905
0.2310
0.2501
0.2841
0.2365
0.2177
0.3062
0.2077
0.1975
0.2303
0.2242
0.2154
0.3003
0.3088
0.2353
0.2441
0.2178
0.1837
0.2002
0.2527
0.2673
0.2217
0.2208
0.2468
0.1878
0.2302
0.2404
0.2774
0.1782
0.2181
0.2141
0.2089
0.2659
0.1881
0.2103
0.2736
0.2707
0.2271
0.2209
0.2257
0.2052
0.2092
0.2045
0.2054
0.1734
0.2787
0.2397
0.2358
0.1605
0.1781
0.1798
0.1821
0.2418
0.2060
0.1791
0.1564
0.2324
0.2067
0.1960
0.2026
0.1713
0.2300
0.2789
0.2108
0.2829
0.1791
0.1890
0.2211
0.1912
0.2156
0.2263
0.1934
0.2431
0.1894
0.1759
0.1717
0.2323
0.1835
0.2469
0.1763
0.2610
0.1338
0.2927
0.2004
0.2256
0.1947
0.2122
0.2202
0.1864
0.2002
0.1690
0.1881
0.2091
0.2075
0.1869
0.2761
0.2155
0.1683
0.1420
0.1600
0.1473
0.2439
0.2232
0.2179
0.2052
0.1860
0.1644
0.1294
0.1797
0.3569
0.1771
0.1791
0.2284
0.2141
0.1840
0.2759
0.1957
0.1881
0.1975
0.1994
0.2159
0.1982
0.1928
0.1912
0.2047
0.2125
0.2177
0.1663
0.1823
0.1775
0.2077
0.1744
0.2153
0.1666
0.1667
0.2086
0.2247
0.1831
0.1556
0.2236
0.1541
0.1718
0.1485
0.1811
0.2621
0.1888
0.2283
0.1884
0.1683
0.2046
0.2362
0.2096
0.2292
0.1737
0.1530
0.2274
0.1473
0.2111
0.2049
0.1442
0.1572
0.1872
0.2074
0.2177
0.1921
0.1904
0.1934
0.1685
0.1701
0.1370
0.1940
0.1529
0.1623
0.2171
0.1703
0.2400
0.2204
0.1574
0.1552
0.1835
0.1458
0.1908
0.1437
0.1659
0.1819
0.1571
0.1790
0.1626
0.1516
0.1703
0.1798
0.1532
0.1518
0.1572
0.1631
0.1880
0.1633
0.1554
0.1905
0.1534
0.1536
0.2148
0.1721
0.6259
0.1779
0.3368
0.2246
0.5583
3.9487
0.3242
0.2670
0.4162
0.4067
0.3182
0.4069
0.3990
0.3579
0.2779
0.3331
0.2756
0.2961
0.2807
0.2598
0.2698
0.3392
0.2451
0.3432
0.3163
0.2278
0.3488
0.2594
0.2276
0.2676
0.2343
0.2419
0.2255
0.2810
0.2080
0.2580
0.2430
0.2549
0.2480
0.1966
0.2373
0.2074
0.1989
0.2244
0.2237
0.2138
0.1959
0.1894
0.2216
0.2148
0.1573
0.2003
0.2035
0.2020
0.1850
0.2022
0.2000
0.2310
0.1973
0.1878
0.1763
0.1799
0.2546
0.1737
0.2180
0.2041
0.1973
0.1813
0.1933
0.1647
0.1631
0.2205
0.1763
0.1616
0.1696
0.1203
0.1653
0.1786
0.3361
0.1710
0.1817
0.1546
0.2005
0.2107
0.1370
0.1892
0.1830
0.1664
0.2037
0.1704
0.1432
0.1709
0.1604
0.1737
0.1303
0.1951
0.1817
0.1967
0.1634
0.2001
0.1355
0.1243
0.1877
0.1593
0.1539
0.2433
0.1534
0.1677
0.2115
0.1357
0.1303
0.1440
0.1466
0.1453
0.1807
0.1663
0.1638
0.2376
0.1785
0.2060
0.1526
0.1269
0.1849
0.1367
0.1806
0.1351
0.1559
0.1718
0.1638
0.1471
0.1178
0.1601
0.1544
0.2216
0.1351
0.1398
0.1371
0.1045
0.1591
0.1691
0.1439
0.1285
0.1430
0.1338
0.1791
0.1449
0.1608
0.1463
0.1497
0.1525
0.1201
0.1991
0.1503
0.1895
0.1864
0.1356
0.1834
0.1431
0.1892
0.1139
0.1347
0.1482
0.1519
0.1246
0.1627
0.1392
0.1617
0.1144
0.1156
0.1351
0.1649
0.1385
0.1258
0.1585
0.1206
0.1038
0.1457
0.1886
0.1779
0.2016
0.1820
0.1706
0.1394
0.1370
0.1405
0.1510
0.1509
0.1750
0.1060
0.1381
0.1428
0.1140
0.1449
0.1247
0.1939
0.1482
0.1277
0.1368
0.0991
0.1648
0.1670
0.0980
0.1327
0.1342
0.1489
0.1364
0.1635
0.1125
0.1743
0.0869
0.1625
0.1527
0.1490
0.0851
0.1266
0.1347
0.1096
0.1408
0.1237
0.1512
0.1532
0.1634
0.1442
0.1287
0.1249
0.0952
0.1937
0.1179
0.1432
0.1449
0.2067
0.1598
0.1403
0.1356
0.1330
0.1350
0.1245
0.1683
0.1389
0.0922
0.1374
0.1020
0.1561
0.0945
0.1439
0.1355
0.1499
0.1282
0.0831
0.1598
0.1265
0.1487
0.1352
0.1237
0.1555
0.1481
0.1482
0.1592
0.1074
0.1109
0.1547
0.1377
0.1372
0.1259
0.1157
0.0827
0.0978
0.1459
0.1273
0.1381
0.1299
0.1176
0.0880
0.1480
0.1098
0.1407
0.1124
0.0955
0.1104
0.1413
0.0997
0.1172
0.1168
0.1085
0.1143
0.1285
0.1170
0.1802
0.1512
0.1959
0.1427
0.1327
0.1733
0.0949
0.1493
0.1149
0.0882
0.1872
0.1396
0.1370
0.1148
0.1225
0.1432
0.0891
0.1694
0.1601
0.1160
0.1106
0.1426
0.1411
0.1192
0.1309
0.1347
0.1237
0.1347
0.1275
0.1203
0.1449
0.1578
0.1585
0.1186
0.1374
0.1368
0.1394
0.1095
0.1720
0.2281
0.0680
0.1113
0.1333
0.1159
0.1147
0.1682
0.1066
0.1334
0.1247
0.1695
0.1624
0.1371
0.1446
0.0958
0.1619
0.1140
0.1246
0.1549
0.1011
0.1477
0.0982
0.0717
0.0798
0.1093
0.0816
0.1721
0.1169
0.1966
0.1116
0.0912
0.1536
0.1073
0.1172
0.1096
0.1015
0.1225
0.1334
0.1038
0.1606
0.1165
0.0808
0.1337
0.1167
0.1482
0.1009
0.1051
0.1173
0.1208
0.1447
0.0924
0.0887
0.1085
0.1190
0.1076
0.1269
0.1187
0.1062
0.1475
0.0978
0.1610
0.0740
0.1410
0.1386
0.0925
0.1212
0.1059
0.1075
0.1040
0.0883
0.0860
0.0752
0.1423
0.1155
0.1727
0.1791
0.1069
0.1201
0.0911
0.1524
0.1156
0.1252
0.1093
0.0986
0.1119
0.1129
0.1328
0.1105
0.1176
0.1188
0.1251
0.1166
0.0806
0.0899
0.0836
0.1507
0.1165
0.1379
0.1562
0.0635
0.1462
0.0927
0.0746
0.1329
0.1012
0.0965
0.1356
0.1163
0.0889
0.1061
0.0905
0.1437
0.1144
0.0794
0.0996
0.1440
0.1199
0.1260
0.1027
0.1195
0.1366
0.1213
0.1131
0.1272
0.1257
0.1147
0.0814
0.1096
0.0883
0.1136
0.1305
0.1237
0.1284
0.1197
0.0984
0.0945
0.1233
0.1046
0.0867
0.0709
0.1207
0.1423
0.0936
0.1441
0.0891
0.1071
0.1241
0.1229
0.0648
0.0910
0.0862
0.1606
0.0986
0.0938
0.1029
0.1135
0.0771
0.0867
0.1341
0.1134
0.0986
0.0792
0.1351
0.1136
0.1107
0.1078
0.0973
0.0761
0.1083
0.0922
0.1512
0.0873
0.0831
0.1033
0.1033
0.0939
0.0644
0.1043
0.1072
0.1016
0.0729
0.0676
0.1136
0.1098
0.1084
0.1410
0.1192
0.1066
0.0862
0.1157
0.1244
0.1277
0.1062
0.0865
0.1030
0.0757
0.0945
0.0775
0.0886
0.1344
0.1031
0.0980
0.0723
0.1048
0.0835
0.0944
0.0826
0.0840
0.1292
0.0603
0.0962
0.0808
0.1300
0.1338
0.0967
0.1028
0.0944
0.0854
0.1061
0.1145
0.0807
0.0953
0.1018
0.1307
0.1209
0.0938
0.0749
0.1019
0.1132
0.0897
0.1137
0.1035
0.0899
0.0803
0.1064
0.1085
0.1057
0.0957
0.0597
0.1178
0.1000
0.1316
0.0922
0.1053
0.0912
0.1050
0.0981
0.0878
0.0993
0.1394
0.0598
0.0979
0.0749
0.1214
0.0853
0.0832
0.0691
0.1056
0.1120
0.0944
0.1219
0.1018
0.0846
0.1019
0.1048
0.0978
0.1006
0.0687
0.1120
0.0692
0.1101
0.0982
0.1036
0.1976
0.1024
0.0872
0.1327
0.1259
0.1167
0.1024
0.1260
0.0904
0.0947
0.1048
0.1255
0.1967
0.0643
0.0839
0.1081
0.0924
0.0837
0.1173
0.1142
0.0941
0.0890
0.0552
0.0957
0.1151
0.0816
0.1282
0.0808
0.1228
0.1045
0.1569
0.0829
0.0679
0.1036
0.0964
0.0913
0.0917
0.1189
0.1001
0.0734
0.1001
0.0823
0.0973
0.0844
0.0932
0.0807
0.0607
0.1320
0.0956
0.1087
0.0620
0.1154
0.0853
0.0850
0.0952
0.1104
0.0988
0.0764
0.1075
0.1082
0.1247
0.0749
0.0702
0.0858
0.0812
0.1022
0.1094
0.0981
0.0783
0.0625
0.0886
0.1177
0.0856
0.0948
0.0817
0.0815
0.0957
0.0635
0.0609
0.0997
0.0744
0.1109
0.0888
0.0516
0.1076
0.0741
0.0879
0.0671
0.0838
0.1191
0.1122
0.0804
0.0907
0.0687
0.0812
0.0991
0.0974
0.0822
0.0970
0.0750
0.0940
0.0682
0.0787
0.0690
0.0856
0.0922
0.1019
0.1200
0.0980
0.0650
0.0627
0.1026
0.0713
0.0584
0.0858
0.1002
0.1067
0.0767
0.0618
0.1232
0.0982
0.0555
0.0627
0.1013
0.0726
0.0876
0.0802
0.0717
0.1111
0.0758
0.0732
0.0745
0.0619
0.0982
0.0645
0.0568
0.1133
0.0851
0.0958
0.0793
0.1135
0.0785
0.0763
0.0746
0.0932
0.0884
0.0733
0.0622
0.0848
0.1311
0.0721
0.0735
0.1603
0.1165
0.1115
0.1138
0.1294
0.1226
0.1159
0.0745
0.0936
0.0868
0.1098
0.0951
0.1270
0.1056
0.0986
0.0935
0.0652
0.0956
0.1049
0.0924
0.0668
0.0914
0.1169
0.0954
0.0849
0.0818
0.1266
0.0868
0.1060
0.0702
0.1621
0.0694
0.0617
0.0731
0.1073
0.1102
0.0829
0.0710
0.0762
0.0657
0.2824
0.0811
0.1388
0.1220
0.0867
0.0766
0.0828
0.1296
0.1059
0.1655
0.0757
0.0757
0.1111
0.1134
0.0852
0.1083
0.1136
0.1310
0.0843
0.0973
0.1176
0.1139
0.0646
0.0937
0.0583
0.0983
0.0862
0.1135
0.0762
0.0820
0.0851
0.0840
0.0738
0.0780
0.0928
0.0923
0.0650
0.0730
0.0801
0.0600
0.0724
0.0821
0.1169
0.0794
0.1124
0.0900
0.0751
0.0635
0.0986
0.0733
0.0922
0.0595
0.1007
0.0696
0.1096
0.0918
0.0905
0.0435
0.0582
0.0704
0.0593
0.0780
0.0674
0.1203
0.0504
0.0917
0.0589
0.0672
0.0714
0.0690
0.0680
0.0770
0.0990
0.0783
0.1019
0.1021
0.0914
0.0689
0.0892
0.0602
0.0759
0.0815
0.1005
0.1010
0.0544
0.0778
0.0750
0.0723
0.0650
0.0669
0.1117
0.0635
0.1003
0.0680
0.0543
0.0655
0.0768
0.0487
0.0712
0.0894
0.0711
0.0693
0.0696
0.1046
0.0791
0.0741
0.0851
0.0793
0.0562
0.0356
0.0808
0.0838
0.0869
0.0676
0.0853
0.0735
0.0753
0.0602
0.1009
0.0642
0.0593
0.0503
0.0740
0.0788
0.0863
0.0742
0.0733
0.0762
0.0502
0.0644
0.0568
0.0676
0.0734
0.0625
0.1101
0.0946
0.0484
0.0865
0.0778
0.0782
0.0645
0.0550
0.0914
0.0768
0.0990
0.0830
0.0415
0.0835
0.0551
0.0733
0.0836
0.0609
0.0823
0.0677
0.0667
0.0671
0.0619
0.0749
0.0927
0.0521
0.0656
0.0884
0.0546
0.0888
0.0593
0.0577
0.0662
0.0616
0.0815
0.0814
0.0517
0.0948
0.0652
0.0746
0.0735
0.0625
0.0686
0.0886
0.0561
0.0582
0.0615
0.0588
0.0821
0.0497
0.0921
0.0614
0.0604
0.0521
0.1060
0.0722
0.0629
0.0697
0.0579
0.0526
0.0632
0.0633
0.0636
0.0802
0.0699
0.0441
0.0785
0.0840
0.0312
0.0523
0.0797
0.0589
0.0653
0.0508
0.0581
0.0656
0.0936
0.0864
0.0854
0.0643
0.0642
0.0457
0.0744
0.0942
0.0491
0.0638
0.0669
0.0695
0.0530
0.0636
0.0625
0.1035
0.0858
0.0551
0.0616
0.0537
0.0589
0.0701
0.0801
0.0559
0.0855
0.1375
0.0691
0.1125
0.0718
0.1063
0.0773
0.1212
0.0692
0.0805
0.0724
0.1529
0.0749
0.0640
0.0734
0.1006
0.0811
0.1089
0.1298
0.0930
0.0801
0.0710
0.0790
0.0782
0.0992
0.1339
0.0732
0.1001
0.0705
0.0665
0.0837
0.0988
0.0888
0.0639
0.0675
0.0699
0.0759
0.0837
0.0758
0.0714
0.0932
0.0521
0.0559
0.0995
0.0849
0.0521
0.1000
0.0824
0.0777
0.0548
0.0737
0.0575
0.0743
0.0872
0.0537
0.0763
0.0772
0.0561
0.0789
0.0994
0.0673
0.0580
0.0635
0.0962
0.0772
0.0570
0.0886
0.0701
0.0872
0.0565
0.0928
0.0506
0.0515
0.0780
0.1033
0.0962
0.0751
0.0802
0.0700
0.0864
0.0606
0.0732
0.0525
0.0763
0.0775
0.0746
0.0536
0.0696
0.0679
0.0866
0.0740
0.0858
0.0732
0.1224
0.0585
0.0535
0.0643
0.0956
0.0790
0.0481
0.0731
0.0667
0.0659
0.0760
0.0619
0.0670
0.0892
0.0704
0.0598
0.0449
0.0755
0.0615
0.0635
0.0815
0.0766
0.0736
0.0612
0.0481
0.0656
0.0896
0.0682
0.0681
0.0649
0.0633
0.0481
0.0624
0.0502
0.0724
0.0479
0.0970
0.0661
0.0788
0.0657
0.0618
0.0528
0.1071
0.0616
0.0658
0.0753
0.0534
0.0969
0.0588
0.0846
0.0622
0.0553
0.0597
0.0720
0.0727
0.0591
0.0388
0.0859
0.0750
0.0639
0.0721
0.0591
0.0722
0.0615
0.0641
0.0628
0.0511
0.0577
0.0437
0.0531
0.0668
0.0693
0.0514
0.0669
0.0585
0.0608
0.0600
0.0461
0.0497
0.0823
0.0406
0.0543
0.0589
0.0788
0.0624
0.0553
0.0615
0.0787
0.0532
0.0627
0.0578
0.0907
0.0612
0.0551
0.0528
0.0995
0.0566
0.0723
0.0863
0.0561
0.0550
0.0704
0.0655
0.1091
0.0892
0.0853
0.0567
0.0534
0.0566
0.0492
0.0714
0.0730
0.0610
0.0541
0.0409
0.0690
0.0784
0.0596
0.0479
0.0540
0.0706
0.0955
0.0665
0.0729
0.0641
0.0572
0.0724
0.0803
0.0618
0.0713
0.0815
0.0720
0.0462
0.0539
0.0970
0.0593
0.0644
0.0640
0.0631
0.0721
0.0820
0.0855
0.0969
0.0647
0.0828
0.0721
0.0639
0.0522
0.0717
0.0844
0.0762
0.0692
0.0613
0.0502
0.0691
0.0870
0.0749
0.0645
0.0845
0.0578
0.0555
0.0636
0.0629
0.0773
0.0627
0.0991
0.0666
0.0701
0.1012
0.0628
0.0498
0.0691
0.0899
0.0593
0.0659
0.0726
0.0606
0.0673
0.0465
0.0753
0.0652
0.0712
0.0885
0.0664
0.0833
0.0809
0.0619
0.0667
0.0695
0.0459
0.0537
0.0583
0.0443
0.0698
0.0503
0.0716
0.0480
0.0577
0.0774
0.0572
0.0831
0.0843
0.0562
0.0436
0.0458
0.0800
0.0416
0.0683
0.0667
0.0818
0.0531
0.0535
0.0599
0.0593
0.0659
0.0962
0.0678
0.0532
0.0515
0.0639
0.0619
0.0598
0.0651
0.0653
0.0662
0.0486
0.0529
0.0349
0.0480
0.0641
0.0605
0.0474
0.0710
0.0653
0.0596
0.0585
0.0556
0.0544
0.0656
0.0601
0.0467
0.0644
0.0615
0.0522
0.0645
0.0592
0.0645
0.0502
0.0632
0.0782
0.0785
0.0430
0.0765
0.0621
0.0600
0.0498
0.0547
0.0704
0.0535
0.0387
0.0388
0.0614
0.0578
0.0354
0.0379
0.0501
0.0532
0.0429
0.0854
0.0583
0.0641
0.0588
0.0649
0.0554
0.0551
0.0491
0.0628
0.0344
0.0694
0.0430
0.0613
0.0639
0.0576
0.0800
0.0508
0.0633
0.0536
0.0294
0.0536
0.0489
0.0424
0.0559
0.0378
0.0432
0.0544
0.0575
0.0518
0.0451
0.0551
0.0638
0.0593
0.0619
0.0611
0.0575
0.0500
0.0461
0.0457
0.0459
0.0421
0.0425
0.0475
0.0414
0.0551
0.0544
0.0491
0.0534
0.0549
0.0465
0.0543
0.0365
0.0532
0.0615
0.0447
0.0380
0.0706
0.0633
0.0428
0.0526
0.0667
0.0706
0.0488
0.0594
0.0624
0.0573
0.0406
0.0428
0.0593
0.0648
0.0579
0.0584
0.0499
0.0480
0.0667
0.0585
0.0507
0.0396
0.0673
0.0593
0.0642
0.0591
0.0394
0.0671
0.0484
0.0534
0.0437
0.0412
0.0436
0.0565
0.0636
0.0466
0.0581
0.0513
0.0542
0.0414
0.0489
0.0574
0.0431
0.0521
0.0453
0.0473
0.0365
0.0665
0.0439
0.0403
0.0574
0.0596
0.0516
0.0403
0.0507
0.0378
0.0751
0.0349
0.0506
0.0285
0.0450
0.0346
0.0590
0.0611
0.0530
0.0508
0.0397
0.0457
0.0482
0.0463
0.0401
0.0541
0.0597
0.0715
0.0627
0.0496
0.0443
0.0471
0.0417
0.0506
0.0617
0.0563
0.0667
0.0525
0.0442
0.0402
0.0441
0.0365
0.0463
0.0500
0.0293
0.0475
0.0595
0.0629
0.0447
0.0518
0.0472
0.0499
0.0349
0.0409
0.0360
0.0400
0.0543
0.0405
0.0462
0.0437
0.0470
0.0555
0.0792
0.0373
0.0394
0.0481
0.0445
0.0474
0.0678
0.0425
0.0541
0.0399
0.0417
0.0472
0.0444
0.0524
0.0606
0.0467
0.0474
0.0453
0.0406
0.0531
0.0485
0.0451
0.0552
0.0458
0.0586
0.0518
0.0462
0.0454
0.0346
0.0521
0.0452
0.0482
0.0489
0.0535
0.0497
0.0365
0.0482
0.0513
0.0516
0.0654
0.0424
0.0400
0.0320
0.0350
0.0383
0.0399
0.0367
0.0379
0.0496
0.0546
0.0538
0.0394
0.0545
0.0296
0.0494
0.0272
0.0501
0.0500
0.0412
0.0311
0.0568
0.0508
0.0400
0.0398
0.0492
0.0613
0.0354
0.0501
0.0550
0.0630
0.0716
0.0525
0.0454
0.0400
0.0528
0.0526
0.0327
0.0532
0.0437
0.0423
0.0314
0.0399
0.0414
0.0550
0.0350
0.0602
0.0496
0.0369
0.0624
0.0472
0.0415
0.0658
0.0448
0.0425
0.0376
0.0594
0.0548
0.0355
0.0383
0.0382
0.0467
0.0391
0.0567
0.0301
0.0535
0.0401
0.0564
0.0447
0.0381
0.0510
0.0447
0.0420
0.0391
0.0424
0.0647
0.0436
0.0422
0.0599
0.0426
0.0439
0.0445
0.0415
0.0521
0.0409
0.0358
0.0261
0.0612
0.0488
0.0293
0.0399
0.0521
0.0635
0.0531
0.0465
0.0586
0.0632
0.0376
0.0367
0.0564
0.0401
0.0351
0.0434
0.0428
0.0441
0.0672
0.0486
0.0303
0.0437
0.0382
0.0287
0.0578
0.0519
0.0398
0.0499
0.0581
0.0490
0.0476
0.0333
0.0512
0.0431
0.0531
0.0562
0.0499
0.0387
0.0291
0.0603
0.0480
0.0464
0.0410
0.0776
0.0341
0.0422
0.0502
0.0583
0.0405
0.0293
0.0523
0.0481
0.0558
0.0513
0.0533
0.0441
0.0474
0.0529
0.0436
0.0517
0.0437
0.0419
0.0400
0.0305
0.0406
0.0288
0.0534
0.0423
0.0299
0.0297
0.0593
0.0282
0.0508
0.0411
0.0409
0.0424
0.0488
0.0330
0.0369
0.0298
0.0446
0.0348
0.0359
0.0353
0.0439
0.0212
0.0451
0.0335
0.0407
0.0527
0.0435
0.0420
0.0490
0.0463
0.0415
0.0420
0.0567
0.0444
0.0515
0.0333
0.0575
0.0254
0.0474
0.0393
0.0526
0.0463
0.0448
0.0448
0.0592
0.0437
0.0505
0.0483
0.0482
0.0542
0.0391
0.0455
0.0621
0.0335
0.0379
0.0432
0.0275
0.0389
0.0459
0.0574
0.0308
0.0506
0.0418
0.0411
0.0538
0.0431
0.0557
0.0403
0.0349
0.0581
0.0461
0.0442
0.0401
0.0363
0.0358
0.0506
0.0645
0.0365
0.0344
0.0287
0.0464
0.0664
0.0588
0.0526
0.0465
0.0430
0.0312
0.0343
0.0515
0.0533
0.0364
0.0503
0.0406
0.0671
0.0452
0.0284
0.0595
0.0368
0.0540
0.0392
0.0461
0.0313
0.0392
0.0461
0.0328
0.0402
0.0324
0.0443
0.0704
0.0313
0.0353
0.0401
0.0486
0.0522
0.0352
0.0522
0.0568
0.0398
0.0370
0.0395
0.0365
0.0378
0.0319
0.0396
0.0367
0.0408
0.0506
0.0381
0.0542
0.0446
0.0404
0.0371
0.0406
0.0332
0.0684
0.0413
0.0339
0.0519
0.0428
0.0426
0.0255
0.0377
0.0306
0.0358
0.0527
0.0514
0.0420
0.0335
0.0269
0.0293
0.0466
0.0485
0.0409
0.0312
0.0313
0.0526
0.0395
0.0318
0.0364
0.0317
0.0437
0.0432
0.0414
0.0342
0.0327
0.0422
0.0480
0.0502
0.0416
0.0488
0.0484
0.0475
0.0413
0.0429
0.0375
0.0517
0.0307
0.0374
0.0393
0.0286
0.0344
0.0454
0.0356
0.0388
0.0269
0.0445
0.0296
0.0401
0.0279
0.0556
0.0338
0.0327
0.0421
0.0481
0.0316
0.0230
0.0481
0.0410
0.0331
0.0506
0.0321
0.0301
0.0379
0.0293
0.0421
0.0520
0.0532
0.0439
0.0439
0.0401
0.0413
0.0298
0.0303
0.0430
0.0337
0.0551
0.0228
0.0273
0.0410
0.0424
0.0370
0.0311
0.0572
0.0471
0.0447
0.0420
0.0420
0.0231
0.0315
0.0391
0.0378
0.0335
0.0374
0.0381
0.0355
0.0400
0.0291
0.0216
0.0343
0.0435
0.0389
0.0307
0.0335
0.0300
0.0396
0.0320
0.0488
0.0374
0.0404
0.0360
0.0384
0.0388
0.0322
0.0276
0.0408
0.0234
0.0427
0.0350
0.0538
0.0408
0.0457
0.0195
0.0508
0.0283
0.0462
0.0376
0.0248
0.0359
0.0256
0.0342
0.0428
0.0561
0.0352
0.0411
0.0354
0.0355
0.0363
0.0565
0.0519
0.0350
0.0294
0.0453
0.0353
0.0588
0.0325
0.0507
0.0258
0.0402
0.0300
0.0341
0.0545
0.0543
0.0507
0.0444
0.0379
0.0321
0.0702
0.0718
0.0428
0.0554
0.0476
0.0406
0.0385
0.0358
0.0388
0.0465
0.0392
0.0675
0.0341
0.0529
0.0363
0.0553
0.0440
0.0431
0.0492
0.0461
0.0334
0.0315
0.0336
0.0314
0.0469
0.0333
0.0487
0.0483
0.0584
0.0360
0.0350
0.0272
0.0339
0.0340
0.0423
0.0373
0.0357
0.0345
0.0323
0.0331
0.0342
0.0407
0.0394
0.0293
0.0302
0.0382
0.0453
0.0436
0.0425
0.0319
0.0260
0.0528
0.0342
0.0423
0.0320
0.0441
0.0445
0.0362
0.0312
0.0405
0.0327
0.0438
0.0378
0.0423
0.0348
0.0421
0.0385
0.0364
0.0329
0.0323
0.0318
0.0495
0.0547
0.0331
0.0309
0.0491
0.0344
0.0293
0.0363
0.0368
0.0456
0.0257
0.0346
0.0385
0.0380
0.0499
0.0499
0.0466
0.0469
0.0253
0.0499
0.0308
0.0380
0.0395
0.0374
0.0368
0.0297
0.0371
0.0361
0.0308
0.0386
0.0388
0.0336
0.0252
0.0355
0.0293
0.0364
0.0356
0.0405
0.0358
0.0414
0.0408
0.0396
0.0352
0.0464
0.0426
0.0353
0.0495
0.0245
0.0527
0.0240
0.0339
0.0463
0.0339
0.0367
0.0437
0.0491
0.0355
0.0210
0.0284
0.0282
0.0306
0.0265
0.0453
0.0320
0.0306
0.0302
0.0358
0.0328
0.0399
0.0385
0.0280
0.0223
0.0394
0.0567
0.0472
0.0470
0.0307
0.0215
0.0460
0.0289
0.0269
0.0317
0.0428
0.0304
0.0431
0.0301
0.0387
0.0370
0.0454
0.0292
0.0386
0.0384
0.0279
0.0478
0.0303
0.0249
0.0359
0.0365
0.0478
0.0355
0.0381
0.0325
0.0326
0.0451
0.0232
0.0464
0.0295
0.0316
0.0351
0.0440
0.0241
0.0349
0.0408
0.0349
0.0249
0.0220
0.0239
0.0456
0.0269
0.0299
0.0335
0.0611
0.0197
0.0330
0.0472
0.0379
0.0300
0.0280
0.0477
0.0276
0.0468
0.0269
0.0307
0.0349
0.0437
0.0594
0.0453
0.0255
0.0322
0.0447
0.0269
0.0313
0.0365
0.0335
0.0334
0.0363
0.0300
0.0375
0.0348
0.0367
0.0454
0.0339
0.0442
0.0344
0.0407
0.0411
0.0333
0.0320
0.0483
0.0245
0.0350
